exercise 5/data/ground_dz_p75.asc
ncols 18
nrows 18
xllcorner 426500.000000
yllcorner 9629000.000000
cellsize 20.000000
NODATA_value -9999.0
21.00 20.50 14.71 24.36 28.61 21.74 20.37 17.31 22.24 23.17 22.95 23.23 23.02 22.66 23.25 22.26 22.35 22.45
21.27 21.12 23.24 28.08 23.96 23.78 17.38 17.26 22.34 22.88 20.34 20.87 22.13 22.12 24.01 23.39 23.26 22.43
20.58 20.47 22.11 24.67 21.57 21.97 18.33 19.04 21.17 20.53 18.17 15.57 20.83 23.37 24.89 24.00 23.59 19.16
17.57 16.27 21.95 23.68 22.98 19.87 17.69 20.46 22.13 21.60 15.31 12.25 20.86 25.23 25.07 25.61 22.59 19.30
16.15 19.35 22.30 23.31 22.81 23.42 18.38 22.56 22.15 18.96 17.53 17.42 18.16 25.51 24.18 24.47 16.55 15.02
17.34 18.30 20.03 21.53 19.20 19.22 19.34 20.43 22.75 16.26 16.35 18.72 20.29 19.79 23.51 20.95 17.05 16.78
16.18 19.36 22.41 19.59 18.96 19.50 21.13 18.72 18.58 17.82 19.40 20.87 23.05 20.28 20.45 18.15 16.06 21.19
20.37 18.05 17.88 17.39 21.62 21.31 19.67 15.70 16.60 20.16 18.43 19.84 20.93 21.76 24.40 28.02 22.43 20.85
19.04 17.16 15.60 18.05 20.49 19.01 16.81 18.30 18.35 20.19 17.95 18.53 21.42 25.90 28.83 26.65 24.58 27.02
19.75 15.01 13.62 11.17 15.46 14.20 14.29 15.04 19.24 21.55 20.41 20.36 22.04 28.86 31.30 26.81 24.63 25.03
21.01 16.83 17.17 14.98 8.57 10.74 14.42 14.93 18.35 19.58 15.86 17.91 20.97 22.85 27.69 24.99 26.55 29.39
17.80 14.64 12.68 11.98 6.77 11.65 12.91 15.81 17.75 16.12 16.15 16.31 18.68 24.37 27.00 15.57 17.09 26.16
16.75 13.75 10.70 8.84 9.57 13.29 17.25 19.89 20.68 16.83 18.84 19.19 25.46 22.47 25.17 18.40 19.96 19.12
14.38 9.61 8.55 9.77 12.21 15.63 16.71 25.68 23.95 19.23 25.43 24.40 16.47 22.79 25.66 23.64 24.73 22.66
11.46 6.50 4.81 8.47 10.58 12.18 15.44 20.38 19.96 22.16 21.23 29.59 16.91 21.96 25.26 24.94 20.49 8.68
6.58 3.98 4.05 4.96 5.95 7.36 5.58 11.08 16.08 18.82 22.35 28.43 23.33 20.64 30.09 30.89 20.61 18.79
3.36 4.19 4.28 5.49 5.30 6.08 5.80 6.48 13.52 19.05 22.28 22.34 20.93 22.89 26.40 27.28 22.25 23.26
7.57 4.56 4.94 7.42 5.08 5.35 4.88 5.45 6.38 13.59 15.48 18.60 22.33 24.08 24.72 26.50 22.50 18.63
